2 0.007
0.008  1.369923e-17
0.009  1.504129e-10
0.010  5.647035e-6
0.011  0.0033654
0.012  0.3934236
0.013  12.64567
0.014  180.4872
0.015  1339.467
0.016  6365.313
0.017  21199.39
0.018  54198.17
0.019  115127
0.020  210529.2
0.021  342720.7
0.022  507945.4
0.023  700961.7
0.024  911478.2
0.025  1.118405e+6
0.026  1.338885e+6
0.027  1.546329e+6
0.028  1.743368e+6
0.029  1.920567e+6
0.030  2.065667e+6
0.031  2.196381e+6
0.032  2.310737e+6
0.033  2.400378e+6
0.034  2.470029e+6
0.035  2.518246e+6
0.036  2.550335e+6
0.037  2.568288e+6
0.038  2.572332e+6
0.039  2.561938e+6
0.040  2.543865e+6
0.041  2.516320e+6
0.042  2.479784e+6
0.043  2.437011e+6
0.044  2.389559e+6
0.045  2.337380e+6
0.046  2.282109e+6
0.047  2.223409e+6
0.048  2.159944e+6
0.049  2.098512e+6
0.050  2.033458e+6
0.051  1.966809e+6
0.052  1.899323e+6
0.053  1.833639e+6
0.054  1.766431e+6
0.055  1.699149e+6
0.056  1.630908e+6
0.057  1.564344e+6
0.058  2.054557e+6
0.059  2.404589e+6
0.060  1.366972e+6
0.061  1.302369e+6
0.062  1.238068e+6
0.063  1.174119e+6
0.064  1.112108e+6
0.065  1.048898e+6
0.066  988010.5
0.067  1.252762e+6
0.068  864940.4
0.069  890362.9
0.070  708861.5
0.071  653580.1
0.072  598422.2
0.073  541878.4
0.074  484887.6
0.075  426617.8
0.076  362696.2
0.077  299077
0.078  234980.1
0.079  130119.9
0.080  0
